Joint_One Joint_Two Joint_Three Joint_Four Joint_Five Joint_Six
-49.6533 -31.7602 -48.6706 -119.249 -66.9354 85.7474  
 -49.6533 -32.2919 -50.001 -119.923 -67.8529 87.5021  
 -49.6533 -32.7205 -51.5159 -120.591 -68.831 89.3095  
 -49.6533 -33.0354 -53.2351 -121.25 -69.8754 91.1746  
 -49.6533 -33.2236 -55.1825 -121.898 -70.9921 93.1064  
 -49.6533 -33.2659 -57.3954 -122.535 -72.1926 95.1184  
 -49.6532 -33.1351 -59.9269 -123.16 -73.4929 97.2302  
 -49.6532 -32.7914 -62.8551 -123.774 -74.9157 99.4721  
 -49.6532 -32.1694 -66.31 -124.377 -76.4994 101.895  
 -49.653 -30.8617 -71.0885 -124.974 -78.4785 104.802  
 -49.6547 -28.8533 -77.2479 -125.582 -80.8614 108.278  
 -48.8331 -34.2773 -67.0774 -125.131 -77.5132 104.787  
 -47.9832 -38.0492 -60.2238 -124.785 -75.0905 102.655  
 -47.1034 -41.2386 -54.5474 -124.44 -72.8793 101.051  
 -46.1972 -43.9416 -49.8443 -124.135 -71.0132 99.8732  
 -45.2585 -46.3792 -45.6848 -123.855 -69.2743 98.9185  
 -44.3035 -48.6803 -41.8044 -123.607 -67.641 98.0632  
 -43.2819 -50.6944 -38.5139 -123.352 -66.045 97.5206  
 -42.2619 -52.6849 -35.2662 -123.125 -64.5301 96.9858  
 -41.169 -54.4721 -32.4419 -122.919 -63.0297 96.6664  
 -40.0785 -56.247 -29.6355 -122.722 -61.5731 96.3648  
 -38.93 -57.888 -27.1087 -122.566 -60.1428 96.1928  
 -37.7439 -59.4716 -24.6928 -122.402 -58.6762 96.129  
 -36.5196 -60.965 -22.4559 -122.283 -57.2596 96.1563  
 -35.2546 -62.3928 -20.3494 -122.196 -55.8419 96.2633  
 -33.9485 -63.7616 -18.355 -122.131 -54.4074 96.4594  
 -32.6015 -65.0645 -16.4846 -122.104 -52.9776 96.7429  
 -31.2126 -66.3056 -14.7283 -122.12 -51.5438 97.111  
 -29.7814 -67.4882 -13.0765 -122.177 -50.0972 97.567  
 -28.3082 -68.6103 -11.5297 -122.284 -48.6424 98.1134  
 -26.793 -69.6721 -10.0852 -122.446 -47.1786 98.7517  
 -25.236 -70.6738 -8.73888 -122.669 -45.7028 99.486  
 -23.6381 -71.6144 -7.4897 -122.959 -44.2166 100.321  
 -22.0002 -72.4928 -6.3365 -123.327 -42.721 101.261  
 -20.3235 -73.3081 -5.27768 -123.779 -41.2166 102.314  
 -18.6096 -74.0589 -4.31245 -124.326 -39.7056 103.485  
 -16.8604 -74.7437 -3.44031 -124.979 -38.1908 104.785  
 -15.0782 -75.3613 -2.66068 -125.751 -36.6754 106.224  
 -13.2656 -75.9102 -1.97321 -126.657 -35.1637 107.812  
 -11.4255 -76.3891 -1.37775 -127.712 -33.6609 109.565  
 -9.56124 -76.7967 -0.87414 -128.935 -32.1728 111.498  
 -7.67633 -77.1317 -0.462284 -130.346 -30.7066 113.628  
 -5.76864 -77.3555 -0.189249 -132.077 -29.2928 116.09  
 -3.84454 -77.5508 0.0493276 -133.983 -27.8626 118.703  
 -1.91742 -77.6689 0.198608 -136.118 -26.4915 121.588  
 0.00954415 -77.7065 0.245089 -138.542 -25.2081 124.748  
 1.93673 -77.669 0.199603 -141.28 -24.0006 128.219  
 3.85972 -77.5564 0.0627608 -144.348 -22.8826 132.018  
 5.77396 -77.3689 -0.165979 -147.758 -21.8708 136.154  
 7.67521 -77.1071 -0.486704 -151.509 -20.9812 140.624  
 9.55944 -76.7717 -0.899445 -155.582 -20.2293 145.406  
 11.4229 -76.3639 -1.40425 -159.937 -19.6292 150.46  
 13.2619 -75.8846 -2.00117 -164.51 -19.1924 155.719  
 15.0734 -75.3353 -2.69029 -169.218 -18.9263 161.099  
 16.8545 -74.7173 -3.47176 -173.962 -18.8338 166.499  
 18.6027 -74.0321 -4.34584 -178.638 -18.9127 171.815  
 20.3156 -73.281 -5.31296 -183.149 -19.1558 176.948  
 21.9914 -72.4654 -6.37379 -187.413 -19.5523 181.815  
 23.6284 -71.5866 -7.52923 -191.37 -20.0883 186.353  
 25.2255 -70.6456 -8.78045 -194.984 -20.7489 190.526  
 26.7815 -69.6435 -10.129 -198.236 -21.5189 194.315  
 28.296 -68.5808 -11.5768 -201.13 -22.3843 197.719  
 29.7685 -67.458 -13.1261 -203.676 -23.3322 200.75  
 31.1989 -66.2752 -14.7801 -205.897 -24.352 203.428  
 32.5771 -65.0325 -16.5432 -207.732 -25.4229 205.705  
 33.9409 -63.7549 -18.3761 -209.457 -26.5525 207.797  
 35.2264 -62.3597 -20.4157 -210.744 -27.7535 209.469  
 36.5149 -60.9575 -22.4781 -212.037 -28.9845 211.079  
 37.7179 -59.4257 -24.787 -212.89 -30.2826 212.238  
 38.9282 -57.8872 -27.1131 -213.789 -31.6064 213.398  
 40.0536 -56.1988 -29.7394 -214.294 -33.0104 214.114  
 40.0699 -55.965 -27.79 -216.427 -31.2485 216.637  
 40.0564 -55.6391 -25.9984 -218.524 -29.5467 219.073  
 40.0543 -55.225 -24.3298 -220.932 -27.9422 221.815  
 40.0543 -54.728 -22.7792 -223.615 -26.4264 224.831  
 40.0539 -54.1508 -21.3445 -226.572 -25.0045 228.113  
 40.0534 -53.4966 -20.0214 -229.827 -23.6845 231.686  
 40.0529 -52.7678 -18.8061 -233.401 -22.4754 235.571  
 40.0526 -51.9671 -17.6957 -237.304 -21.387 239.779  
 40.0523 -51.0966 -16.6877 -241.537 -20.43 244.31  
 40.0523 -50.1586 -15.7803 -246.084 -19.6147 249.149  
 40.0526 -49.1553 -14.9717 -250.906 -18.9507 254.258  
 40.0531 -48.0886 -14.2608 -255.945 -18.445 259.578  
 40.0539 -46.9608 -13.6464 -261.122 -18.1013 265.031  
 40.0549 -45.7738 -13.1277 -266.343 -17.9188 270.522  
 40.056 -44.5298 -12.7041 -271.509 -17.8919 275.952  
 40.0571 -43.2308 -12.3751 -276.525 -18.0103 281.226  
 40.0725 -41.874 -12.1396 -281.323 -18.3198 286.299  
 40.0746 -40.4708 -12.0003 -285.797 -18.6898 291.014  
 40.0733 -39.0201 -11.9546 -289.952 -19.1439 295.398  
 40.0716 -37.5227 -12.0022 -293.773 -19.6768 299.443  
 38.9069 -38.6472 -9.71104 -298.639 -19.3533 303.796  
 37.7156 -39.7142 -7.5347 -303.468 -19.1521 308.044  
 36.4915 -40.7268 -5.45904 -308.298 -19.0572 312.268  
 35.2266 -41.69 -3.48212 -313.116 -19.0343 316.432  
 33.9206 -42.6055 -1.60116 -317.899 -19.0803 320.511  
 32.5733 -43.4744 0.186407 -322.629 -19.1921 324.487  
 31.1842 -44.2976 1.88245 -327.29 -19.3652 328.347  
 29.7531 -45.0761 3.48831 -331.872 -19.5945 332.079  
 28.2799 -45.8104 5.00487 -336.365 -19.8754 335.676  
 26.7648 -46.5007 6.4327 -340.764 -20.2032 339.131  
 25.2081 -47.1474 7.77201 -345.067 -20.5734 342.444  
 23.6105 -47.7506 9.02277 -349.273 -20.9816 345.615  
 21.973 -48.3103 10.1847 -353.383 -21.4238 348.648  
 20.2968 -48.8264 11.2574 -357.4 -21.8961 351.546  
 18.5835 -49.2987 12.2403 -361.327 -22.3953 354.315  
 16.8351 -49.7271 13.1327 -365.17 -22.9181 356.962  
 15.0538 -50.1114 13.9339 -368.932 -23.4617 359.495  
 13.2422 -50.4511 14.6431 -372.619 -24.0237 361.92  
 11.4032 -50.7463 15.2596 -376.233 -24.6019 364.246  
 9.54008 -50.9964 15.7826 -379.78 -25.1945 366.48  
 7.65638 -51.2015 16.2115 -383.261 -25.8 368.629  
 5.75589 -51.3612 16.5456 -386.681 -26.4172 370.702  
 3.8426 -51.4753 16.7845 -390.041 -27.045 372.703  
 1.92068 -51.5438 16.9279 -393.343 -27.6828 374.64  
 -0.0055719 -51.5666 16.9755 -396.587 -28.3299 376.518  
 -1.93182 -51.5437 16.9272 -399.775 -28.9862 378.343  
 -3.85372 -51.475 16.7832 -402.906 -29.6514 380.12  
 -5.76698 -51.3606 16.5437 -405.979 -30.3256 381.853  
 -7.6711 -51.2257 16.2585 -409.005 -30.9982 383.537  
 -9.53887 -51.0002 15.7974 -411.838 -31.6959 385.104  
 -11.4006 -50.7485 15.2832 -414.69 -32.407 386.718  
 -13.2524 -50.4493 14.6419 -417.666 -33.1202 388.417  
 -15.0651 -50.1096 13.9275 -420.463 -33.8401 389.994  
 -16.8579 -49.7501 13.1769 -423.176 -34.562 391.514  
 -18.5844 -49.3027 12.2562 -425.707 -35.3082 392.963  
 -20.2975 -48.8293 11.2814 -428.252 -36.0706 394.457  
 -21.9832 -48.3074 10.18 -430.893 -36.8507 396.028  
 -23.621 -47.7475 9.0132 -433.36 -37.6331 397.497  
 -25.2352 -47.1691 7.81378 -435.746 -38.4153 398.921  
 -26.7676 -46.505 6.44957 -437.958 -39.2231 400.302  
 -28.2835 -45.8139 5.02945 -440.179 -40.0513 401.726  
 -29.7632 -45.0717 3.48052 -442.476 -40.9123 403.217  
 -31.1943 -44.2927 1.87001 -444.612 -41.771 404.628  
 -32.6017 -43.4955 0.228056 -446.674 -42.6276 406.003  
 -33.9256 -42.6099 -1.5833 -448.577 -43.5132 407.362  
 -35.2328 -41.6941 -3.45643 -450.488 -44.4243 408.764  
 -36.5021 -40.7201 -5.46964 -452.461 -45.384 410.228  
 -37.7271 -39.7063 -7.55038 -454.293 -46.3385 411.634  
 -38.9307 -38.6722 -9.66649 -456.061 -47.29 413.016  
 -40.0576 -37.5349 -11.981 -457.692 -48.2791 414.413  
 -41.1693 -36.3592 -14.3733 -459.33 -49.3013 415.86  
 -42.2452 -35.1078 -16.9387 -461.027 -50.3926 417.372  
 -43.2834 -33.8029 -19.5991 -462.604 -51.481 418.858  
 -44.2875 -32.4273 -22.3963 -464.123 -52.5997 420.373  
 -45.2586 -30.9711 -25.3544 -465.605 -53.7594 421.93  
 -46.1975 -29.4251 -28.4916 -467.051 -54.964 423.536  
 -47.1054 -27.7766 -31.833 -468.465 -56.2202 425.203  
 -47.9833 -26.0085 -35.4128 -469.85 -57.5374 426.947  
 -48.8324 -24.0972 -39.2782 -471.215 -58.9284 428.789  
 -49.6536 -22.0088 -43.4969 -472.565 -60.4114 430.759  
 -49.6528 -23.3293 -43.3486 -473.17 -60.8443 431.991  
 -49.6537 -24.555 -43.3871 -473.793 -61.3335 433.329  
 -49.6536 -25.7011 -43.5915 -474.47 -61.8944 434.731  
 -49.6532 -26.7865 -43.9113 -475.146 -62.4841 436.167  
 -49.6534 -27.8083 -44.3475 -475.817 -63.1048 437.651  
 -49.6535 -28.7538 -44.9295 -476.505 -63.7799 439.186  
 -49.6533 -29.6258 -45.6475 -477.195 -64.4988 440.76  
 -49.6533 -30.4226 -46.5005 -477.88 -65.2584 442.377  
 -49.6534 -31.1355 -47.506 -478.566 -66.0705 444.04  
 -49.6533 -31.7602 -48.6706 -479.249 -66.9354 445.747  
 -49.5501 -32.5509 -49.2201 -479.733 -67.5092 447.061  
 -49.458 -33.2553 -49.9178 -480.234 -68.1305 448.429  
 -49.3037 -34.0852 -50.3572 -480.683 -68.6497 449.682  
 -49.0883 -35.059 -50.4897 -481.07 -69.0302 450.819  
 -48.8116 -36.1616 -50.3379 -481.412 -69.2889 451.843  
 -48.4733 -37.3877 -49.9034 -481.714 -69.4197 452.75  
 -48.074 -38.7321 -49.1851 -481.975 -69.411 453.542  
 -47.614 -40.1774 -48.2082 -482.201 -69.2706 454.228  
 -47.0936 -41.7067 -46.9963 -482.396 -69.0021 454.812  
 -46.5139 -43.3047 -45.5696 -482.561 -68.6051 455.3  
 -45.8758 -44.9519 -43.9555 -482.697 -68.0855 455.7  
 -45.1809 -46.6296 -42.1812 -482.804 -67.449 456.018  
 -44.4312 -48.3204 -40.27 -482.882 -66.6994 456.259  
 -43.6291 -50.0066 -38.2458 -482.927 -65.842 456.425  
 -42.7779 -51.6714 -36.1305 -482.938 -64.8825 456.518  
 -41.8814 -53.2992 -33.944 -482.91 -63.8262 456.539  
 -40.9442 -54.8751 -31.7047 -482.837 -62.6791 456.484  
 -39.9719 -56.3847 -29.4295 -482.711 -61.4479 456.351  
 -38.9709 -57.8148 -27.1341 -482.527 -60.1397 456.134  
 -37.9485 -59.1528 -24.833 -482.273 -58.7629 455.824  
 -36.9129 -60.387 -22.5398 -481.94 -57.3267 455.413  
 -35.873 -61.5063 -20.2677 -481.516 -55.8418 454.89  
 -34.8387 -62.5007 -18.0288 -480.988 -54.3201 454.242  
 -33.8203 -63.3611 -15.8353 -480.343 -52.7752 453.455  
 -32.8288 -64.0792 -13.6987 -479.569 -51.2221 452.514  
 -31.8752 -64.6481 -11.6306 -478.651 -49.6775 451.405  
 -30.9708 -65.0619 -9.64196 -477.577 -48.1595 450.113  
 -30.1266 -65.3161 -7.74404 -476.338 -46.6876 448.627  
 -29.3533 -65.4079 -5.94771 -474.928 -45.2823 446.936  
 -28.6562 -65.3037 -4.30018 -473.287 -43.9842 444.994  
 -28.0556 -65.0706 -2.72799 -471.511 -42.7709 442.892  
 -27.558 -64.657 -1.3368 -469.675 -41.7516 440.62  
 -27.152 -64.1176 -0.0267548 -467.619 -40.7746 438.114  
 -26.8651 -63.4128 1.11191 -465.485 -40.0055 435.52  
 -26.6943 -62.5868 2.10012 -463.398 -39.3993 432.87  
 -26.6296 -61.5921 2.90104 -461.148 -38.9625 430.062  
 -26.5768 -60.5752 3.64887 -459.027 -38.607 427.344  
 -26.3952 -59.545 4.40133 -456.672 -38.2204 424.488  
 -26.1059 -58.5496 5.16771 -454.338 -37.8379 421.684  
 -25.6959 -57.5942 5.98271 -451.804 -37.4133 418.815  
 -25.171 -56.6741 6.80222 -449.187 -36.9915 415.941  
 -24.5319 -55.797 7.6279 -446.469 -36.5741 413.068  
 -23.7797 -54.9697 8.45443 -443.657 -36.1647 410.208  
 -22.917 -54.1984 9.27406 -440.768 -35.7682 407.381  
 -21.9466 -53.49 10.0815 -437.814 -35.3854 404.605  
 -20.8724 -52.8515 10.8702 -434.815 -35.0154 401.9  
 -19.6991 -52.2896 11.6343 -431.79 -34.6545 399.288  
 -18.4328 -51.8111 12.3677 -428.76 -34.2968 396.788  
 -17.0807 -51.4225 13.0648 -425.748 -33.9338 394.419  
 -15.6513 -51.1301 13.72 -422.775 -33.5551 392.199  
 -14.1546 -50.9394 14.328 -419.862 -33.1485 390.14  
 -12.602 -50.855 14.8839 -417.03 -32.7008 388.255  
 -11.0001 -50.8794 15.4009 -414.199 -32.2121 386.506  
 -9.38861 -51.0337 15.8617 -411.682 -31.6347 385.046  
 -7.72921 -51.272 16.2134 -409.094 -30.9851 383.622  
 -6.08559 -51.6361 16.5255 -406.727 -30.2534 382.46  
 -4.45706 -52.1129 16.7646 -404.539 -29.4162 381.478  
 -2.85982 -52.698 16.9295 -402.545 -28.4714 380.683  
 -1.30872 -53.3862 17.0198 -400.757 -27.4172 380.075  
 0.181967 -54.1708 17.0351 -399.194 -26.2541 379.657  
 1.59876 -55.0442 16.9752 -397.881 -24.985 379.442  
 2.92924 -55.9973 16.8407 -396.853 -23.6162 379.45  
 4.16223 -57.0203 16.6326 -396.155 -22.1568 379.713  
 5.27679 -58.1017 16.339 -395.99 -20.6118 380.398  
 6.30253 -59.2582 16.0428 -395.924 -19.0368 381.178  
 7.18925 -60.4278 15.6277 -396.598 -17.3944 382.563  
 7.95222 -61.6242 15.1549 -397.93 -15.7327 384.518  
 8.58706 -62.8107 14.5901 -400.405 -14.0768 387.501  
 9.08155 -64.0271 14.0019 -404.05 -12.4847 391.566  
 9.4207 -65.233 13.3532 -409.667 -11.0375 397.515  
 9.6316 -66.4266 12.6716 -417.231 -9.786 405.336  
 9.70076 -67.5952 11.9511 -427.262 -8.85557 415.541  
 9.77071 -68.7048 11.162 -439.243 -8.25135 427.694  
 9.98299 -69.72 10.2741 -452.431 -7.93197 441.123  
 10.337 -70.6319 9.29726 -466.012 -7.92683 455.012  
 10.8284 -71.432 8.23869 -479.065 -8.23102 468.43  
 11.4503 -72.1129 7.10464 -490.884 -8.80852 480.658  
 12.1952 -72.6689 5.90252 -501.155 -9.60113 491.371  
 13.0557 -73.096 4.6417 -509.911 -10.5449 500.595  
 14.023 -73.3919 3.33229 -517.366 -11.5846 508.537  
 15.0869 -73.5558 1.98431 -523.77 -12.6786 515.442  
 16.236 -73.5879 0.607577 -529.342 -13.7962 521.524  
 17.4704 -73.4934 -0.780521 -534.415 -14.8956 527.103  
 18.7558 -73.2701 -2.17818 -538.856 -15.986 532.071  
 20.0814 -72.9212 -3.58297 -542.813 -17.0614 536.536  
 21.4391 -72.4545 -4.97771 -546.43 -18.0937 540.652  
 22.8148 -71.8762 -6.35208 -549.765 -19.0717 544.477  
 24.1947 -71.1938 -7.69656 -552.861 -19.9866 548.055  
 25.566 -70.4154 -9.00131 -555.758 -20.8299 551.422  
 26.9168 -69.5501 -10.2566 -558.487 -21.5941 554.61  
 28.2467 -68.6297 -11.4159 -561.157 -22.2339 557.748  
 29.4978 -67.5949 -12.5916 -563.39 -22.8596 560.399  
 30.7243 -66.5267 -13.6473 -565.753 -23.3555 563.179  
 31.923 -65.4357 -14.5605 -568.297 -23.7096 566.174  
 32.999 -64.2649 -15.4758 -570.324 -24.0225 568.617  
 34.0389 -63.0889 -16.2432 -572.583 -24.2119 571.288  
 35.0226 -61.9163 -16.8567 -574.956 -24.2672 574.087  
 35.9066 -60.7193 -17.392 -577.201 -24.2379 576.774  
 36.6998 -59.5218 -17.8285 -579.342 -24.118 579.287  
 37.4279 -58.3374 -18.125 -581.713 -23.908 582.057  
 38.0686 -57.1726 -18.2933 -584.14 -23.6014 584.891  
 38.6192 -56.0331 -18.341 -586.611 -23.2094 587.733  
 39.0905 -54.9261 -18.2557 -589.276 -22.7477 590.767  
 39.4764 -53.8575 -18.0406 -592.117 -22.2194 593.972  
 39.7744 -52.8321 -17.7018 -595.138 -21.6346 597.33  
 39.9887 -51.8315 -17.277 -598.478 -21.0607 600.985  
 40.1283 -50.9022 -16.6857 -602.177 -20.4404 605.024  
 40.1581 -50.0319 -15.9919 -605.967 -19.7484 609.077  
 40.1115 -49.2164 -15.193 -610.161 -19.0968 613.496  
 39.9825 -48.46 -14.2919 -614.761 -18.4853 618.294  
 39.7674 -47.7658 -13.299 -619.738 -17.925 623.427  
 39.4666 -47.1359 -12.2229 -625.084 -17.438 628.882  
 39.0806 -46.5723 -11.0721 -630.77 -17.045 634.624  
 38.6096 -46.0772 -9.85599 -636.734 -16.7626 640.589  
 38.0539 -45.6529 -8.58388 -642.893 -16.6029 646.687  
 37.4142 -45.3018 -7.2654 -649.142 -16.5709 652.809  
 36.6913 -45.0265 -5.91033 -655.368 -16.6647 658.841  
 35.8866 -44.8297 -4.52849 -661.468 -16.8746 664.675  
 35.002 -44.7144 -3.12979 -667.356 -17.1847 670.221  
 34.04 -44.6837 -1.7241 -672.97 -17.5739 675.418  
 33.0041 -44.7407 -0.321299 -678.277 -18.0182 680.231  
 31.8986 -44.8884 1.0688 -683.265 -18.4918 684.651  
 30.7287 -45.1298 2.43645 -687.942 -18.9688 688.689  
 29.501 -45.4676 3.77197 -692.331 -19.4239 692.371  
 28.2231 -45.9039 5.06579 -696.459 -19.833 695.733  
 26.9036 -46.4405 6.30851 -700.362 -20.1745 698.817  
 25.5526 -47.078 7.49089 -704.076 -20.4289 701.668  
 24.1982 -47.8314 8.63599 -707.618 -20.5669 704.318  
 22.8159 -48.6519 9.64571 -710.944 -20.6434 706.755  
 21.4388 -49.5847 10.5968 -714.316 -20.5533 709.228  
 20.0823 -50.6234 11.4805 -717.668 -20.2985 711.66  
 18.7595 -51.7212 12.2107 -720.883 -19.9679 714.027  
 17.472 -52.9233 12.8826 -724.272 -19.4311 716.549  
 16.2366 -54.1695 13.376 -727.863 -18.7876 719.341  
 15.0885 -55.4839 13.7925 -731.41 -18.0318 722.178  
 14.0226 -56.8436 14.0842 -735.191 -17.1555 725.313  
 13.0522 -58.2346 14.2499 -739.263 -16.1799 728.822  
 12.1885 -59.6421 14.2886 -743.724 -15.1257 732.808  
 11.4404 -61.051 14.1997 -748.701 -14.0167 737.404  
 10.8158 -62.4458 13.9836 -754.362 -12.8817 742.777  
 10.3452 -63.8154 13.6679 -760.414 -11.7558 748.69  
 9.99107 -65.1382 13.2114 -767.92 -10.6695 756.109  
 9.77563 -66.4026 12.6378 -776.793 -9.68205 764.986  
 9.70178 -67.5955 11.9526 -787.233 -8.85379 775.515  
 9.63013 -68.7307 11.2005 -799.352 -8.36647 787.732  
 9.42223 -69.8255 10.4285 -812.135 -8.3921 800.553  
 9.08774 -70.8761 9.64884 -823.85 -8.88343 812.246  
 8.58653 -71.8584 8.82 -833.662 -9.9137 821.923  
 7.95464 -72.7786 7.99384 -840.87 -11.2259 828.971  
 7.17494 -73.6206 7.14711 -845.966 -12.7995 833.842  
 6.31976 -74.4132 6.37028 -849.487 -14.2756 837.162  
 5.29417 -75.0996 5.54675 -851.748 -16.0158 839.137  
 4.15365 -75.725 4.75906 -853.329 -17.801 840.338  
 2.91562 -76.2076 3.94339 -853.942 -19.5595 840.593  
 1.59838 -76.6381 3.21607 -854.231 -21.2219 840.508  
 0.17072 -76.9819 2.51444 -854.095 -22.9665 839.911  
 -1.31843 -77.207 1.83735 -853.682 -24.6177 839.04  
 -2.87085 -77.3306 1.20205 -853.03 -26.2289 837.91  
 -4.47245 -77.3493 0.604198 -852.215 -27.803 836.57  
 -6.10134 -77.2707 0.0634294 -851.269 -29.2948 835.075  
 -7.74509 -77.0947 -0.418839 -850.212 -30.7068 833.445  
 -9.38967 -76.8214 -0.844627 -849.074 -32.0426 831.7  
 -11.0181 -76.456 -1.20726 -847.874 -33.2866 829.862  
 -12.6159 -76.003 -1.50289 -846.624 -34.4315 827.944  
 -14.17 -75.4663 -1.73117 -845.334 -35.4764 825.956  
 -15.6675 -74.8516 -1.89002 -844.013 -36.4159 823.906  
 -17.0971 -74.1652 -1.9775 -842.663 -37.246 821.801  
 -18.449 -73.4132 -1.99332 -841.287 -37.9657 819.644  
 -19.7147 -72.6019 -1.93751 -839.885 -38.5746 817.439  
 -20.8869 -71.7382 -1.81027 -838.454 -39.0732 815.187  
 -21.9598 -70.8285 -1.61262 -836.99 -39.4635 812.888  
 -22.9286 -69.8795 -1.34617 -835.487 -39.7487 810.544  
 -23.7897 -68.8976 -1.01295 -833.94 -39.9331 808.154  
 -24.5401 -67.889 -0.615497 -832.341 -40.022 805.717  
 -25.1776 -66.86 -0.156877 -830.682 -40.0216 803.232  
 -25.7009 -65.8164 0.35942 -828.955 -39.9391 800.7  
 -26.1086 -64.7641 0.929502 -827.15 -39.7824 798.119  
 -26.4001 -63.7087 1.54908 -825.261 -39.5599 795.49  
 -26.575 -62.6559 2.21353 -823.28 -39.2807 792.813  
 -26.6329 -61.6111 2.91792 -821.198 -38.9541 790.09  
 -26.691 -60.5131 3.55291 -819.094 -38.6952 787.351  
 -26.8661 -59.3067 4.00957 -817.093 -38.6074 784.674  
 -27.1563 -58.0069 4.28011 -815.271 -38.6813 782.131  
 -27.5567 -56.6311 4.3636 -813.673 -38.8958 779.768  
 -28.0613 -55.1975 4.26423 -812.319 -39.2275 777.619  
 -28.6639 -53.7218 3.98062 -811.239 -39.6601 775.722  
 -29.3563 -52.2206 3.51412 -810.451 -40.1746 774.1  
 -30.1293 -50.7104 2.86997 -809.954 -40.752 772.764  
 -30.9731 -49.2061 2.05341 -809.742 -41.3777 771.722  
 -31.877 -47.7212 1.07021 -809.805 -42.0402 770.974  
 -32.8301 -46.268 -0.0719457 -810.126 -42.7306 770.516  
 -33.8212 -44.8569 -1.36455 -810.683 -43.4437 770.337  
 -34.8392 -43.4966 -2.79878 -811.453 -44.1771 770.425  
 -35.8732 -42.1943 -4.36502 -812.411 -44.9307 770.767  
 -36.9128 -40.9554 -6.05312 -813.53 -45.706 771.344  
 -37.9483 -39.7839 -7.85272 -814.784 -46.5059 772.138  
 -38.9707 -38.6826 -9.75322 -816.146 -47.3338 773.129  
 -39.9716 -37.6532 -11.7437 -817.589 -48.193 774.297  
 -40.9439 -36.6965 -13.8132 -819.091 -49.0863 775.621  
 -41.8811 -35.8126 -15.9505 -820.626 -50.0159 777.08  
 -42.7777 -35.0013 -18.1443 -822.175 -50.9826 778.655  
 -43.629 -34.2621 -20.3828 -823.717 -51.986 780.327  
 -44.4312 -33.5944 -22.6541 -825.237 -53.0244 782.076  
 -45.181 -32.9978 -24.9458 -826.719 -54.0948 783.887  
 -45.876 -32.4722 -27.2449 -828.153 -55.1926 785.743  
 -46.5141 -32.0177 -29.5377 -829.527 -56.3123 787.63  
 -47.0939 -31.6353 -31.8095 -830.835 -57.4471 789.535  
 -47.6142 -31.3264 -34.0448 -832.07 -58.5891 791.446  
 -48.0743 -31.0935 -36.2265 -833.23 -59.7297 793.351  
 -48.4736 -30.9397 -38.3361 -834.311 -60.8591 795.239  
 -48.8118 -30.8694 -40.3537 -835.313 -61.967 797.099  
 -49.0886 -30.8879 -42.2575 -836.236 -63.0422 798.92  
 -49.304 -31.0015 -44.0241 -837.082 -64.0731 800.692  
 -49.4578 -31.2172 -45.6287 -837.851 -65.0475 802.403  
 -49.5501 -31.5429 -47.0457 -838.548 -65.953 804.042  
 -49.5808 -31.9862 -48.2493 -839.175 -66.7769 805.6