Wheel	Crank	Slider
0	0	9
5	-0.596263	8.96593
10	-1.18805	8.86406
15	-1.77092	8.69541
20	-2.34049	8.46166
25	-2.89246	8.16512
30	-3.42265	7.80872
35	-3.92704	7.39593
40	-4.40179	6.93077
45	-4.84325	6.41767
50	-5.24803	5.8615
55	-5.61299	5.26743
60	-5.93531	4.64091
65	-6.21245	3.98757
70	-6.44225	3.31318
75	-6.6229	2.62355
80	-6.75296	1.92448
85	-6.83142	1.2217
90	-6.85765	0.520804
95	-6.83144	-0.172783
100	-6.753	-0.853868
105	-6.62295	-1.51752
110	-6.44233	-2.1591
115	-6.21254	-2.77427
120	-5.93542	-3.35903
125	-5.61312	-3.90973
130	-5.24817	-4.42303
135	-4.84341	-4.89596
140	-4.40196	-5.32587
145	-3.92723	-5.71042
150	-3.42284	-6.04762
155	-2.89266	-6.33574
160	-2.3407	-6.57336
165	-1.77114	-6.75935
170	-1.18827	-6.89283
175	-0.596485	-6.97317
180	-0.000223393	-7
185	0.59604	-6.97321
190	1.18783	-6.89291
195	1.7707	-6.75947
200	2.34028	-6.57352
205	2.89225	-6.33593
210	3.42246	-6.04785
215	3.92686	-5.71069
220	4.40162	-5.32617
225	4.84309	-4.8963
230	5.24789	-4.4234
235	5.61286	-3.91012
240	5.93519	-3.35946
245	6.21235	-2.77471
250	6.44217	-2.15957
255	6.62284	-1.51801
260	6.75293	-0.854372
265	6.83141	-0.173298
270	6.85765	0.520282
275	6.83146	1.22117
280	6.75304	1.92395
285	6.62301	2.62303
290	6.4424	3.31267
295	6.21264	3.98708
300	5.93553	4.64043
305	5.61325	5.26697
310	5.24832	5.86107
315	4.84357	6.41727
320	4.40213	6.9304
325	3.92741	7.39561
330	3.42304	7.80843
335	2.89286	8.16488
340	2.34091	8.46146
345	1.77135	8.69526
350	1.18849	8.86396
355	0.596708	8.96588
360	0.000446786	9
365	-0.595817	8.96598
370	-1.18761	8.86416
375	-1.77049	8.69556
380	-2.34007	8.46186
385	-2.89205	8.16537
390	-3.42226	7.80901
395	-3.92668	7.39626
400	-4.40145	6.93113
405	-4.84293	6.41807
410	-5.24774	5.86193
415	-5.61274	5.26789
420	-5.93508	4.64139
425	-6.21226	3.98807
430	-6.44209	3.31369
435	-6.62278	2.62407
440	-6.75289	1.925
445	-6.83139	1.22222
450	-6.85765	0.521327
455	-6.83148	-0.172267
460	-6.75308	-0.853364
465	-6.62307	-1.51703
470	-6.44248	-2.15862
475	-6.21273	-2.77382
480	-5.93564	-3.3586
485	-5.61338	-3.90933
490	-5.24846	-4.42266
495	-4.84373	-4.89562
500	-4.4023	-5.32556
505	-3.92759	-5.71015
510	-3.42323	-6.04738
515	-2.89306	-6.33554
520	-2.34112	-6.57321
525	-1.77157	-6.75923
530	-1.18871	-6.89275
535	-0.59693	-6.97313
540	-0.000670178	-7
545	0.595595	-6.97325
550	1.18739	-6.89299
555	1.77027	-6.75959
560	2.33986	-6.57368
565	2.89185	-6.33613
570	3.42207	-6.04808
575	3.92649	-5.71096
580	4.40127	-5.32648
585	4.84278	-4.89664
590	5.2476	-4.42377
595	5.61261	-3.91052
600	5.93497	-3.35988
605	6.21216	-2.77516
610	6.44202	-2.16004
615	6.62272	-1.5185
620	6.75285	-0.854876
625	6.83137	-0.173813
630	6.85765	0.519759
635	6.8315	1.22065
640	6.75312	1.92343
645	6.62313	2.62251
650	6.44256	3.31216
655	6.21283	3.98658
660	5.93575	4.63995
665	5.61351	5.26651
670	5.24861	5.86064
675	4.84388	6.41687
680	4.40248	6.93003
685	3.92778	7.39528
690	3.42342	7.80814
695	2.89327	8.16463
700	2.34133	8.46126
705	1.77178	8.69511
710	1.18893	8.86386
715	0.597153	8.96583
720	0.000893571	9
725	-0.595372	8.96603
730	-1.18717	8.86426
735	-1.77006	8.69571
740	-2.33965	8.46206
745	-2.89164	8.16561
750	-3.42187	7.80929
755	-3.92631	7.39659
760	-4.4011	6.9315
765	-4.84262	6.41847
770	-5.24745	5.86236
775	-5.61248	5.26834
780	-5.93486	4.64187
785	-6.21207	3.98857
790	-6.44194	3.31421
795	-6.62266	2.62459
800	-6.75281	1.92553
805	-6.83135	1.22275
810	-6.85765	0.521849
815	-6.83152	-0.171752
820	-6.75316	-0.85286
825	-6.62319	-1.51654
830	-6.44263	-2.15815
835	-6.21292	-2.77337
840	-5.93587	-3.35818
845	-5.61364	-3.90893
850	-5.24875	-4.42229
855	-4.84404	-4.89528
860	-4.40265	-5.32526
865	-3.92796	-5.70988
870	-3.42362	-6.04715
875	-2.89347	-6.33534
880	-2.34154	-6.57305
885	-1.772	-6.75911
890	-1.18915	-6.89267
895	-0.597375	-6.97309
900	-0.00111696	-7
905	0.59515	-6.97329
910	1.18695	-6.89307
915	1.76984	-6.75971
920	2.33944	-6.57384
925	2.89144	-6.33633
930	3.42168	-6.04832
935	3.92613	-5.71123
940	4.40093	-5.32678
945	4.84246	-4.89697
950	5.24731	-4.42414
955	5.61235	-3.91092
960	5.93474	-3.36031
965	6.21197	-2.77561
970	6.44186	-2.16051
975	6.6226	-1.51899
980	6.75277	-0.855379
985	6.83133	-0.174328
990	6.85765	0.519237
995	6.83154	1.22012
1000	6.7532	1.9229
1005	6.62325	2.62199
1010	6.44271	3.31165
1015	6.21302	3.98608
1020	5.93598	4.63947
1025	5.61377	5.26606
1030	5.24889	5.8602
1035	4.8442	6.41647
1040	4.40282	6.92967
1045	3.92814	7.39495
1050	3.42381	7.80785
1055	2.89367	8.16439
1060	2.34175	8.46106
1065	1.77222	8.69496
1070	1.18937	8.86376
1075	0.597598	8.96578
1080	0.00134036	9
1085	-0.594927	8.96608
1090	-1.18673	8.86437
1095	-1.76963	8.69586
1100	-2.33923	8.46225
1105	-2.89124	8.16585
1110	-3.42149	7.80958
1115	-3.92594	7.39692
1120	-4.40076	6.93187
1125	-4.8423	6.41887
1130	-5.24716	5.86279
1135	-5.61222	5.2688
1140	-5.93463	4.64235
1145	-6.21188	3.98907
1150	-6.44179	3.31472
1155	-6.62255	2.62511
1160	-6.75273	1.92606
1165	-6.83131	1.22328
1170	-6.85765	0.522371
1175	-6.83156	-0.171237
1180	-6.75324	-0.852357
1185	-6.6233	-1.51605
1190	-6.44279	-2.15768
1195	-6.21311	-2.77292
1200	-5.93609	-3.35775
1205	-5.61389	-3.90853
1210	-5.24904	-4.42192
1215	-4.84436	-4.89495
1220	-4.40299	-5.32495
1225	-3.92833	-5.70961
1230	-3.42401	-6.04691
1235	-2.89387	-6.33515
1240	-2.34196	-6.57289
1245	-1.77243	-6.75899
1250	-1.18959	-6.89259
1255	-0.59782	-6.97305
1260	-0.00156375	-7
1265	0.594705	-6.97333
1270	1.18651	-6.89315
1275	1.76941	-6.75983
1280	2.33902	-6.574
1285	2.89104	-6.33652
1290	3.42129	-6.04855
1295	3.92576	-5.7115
1300	4.40059	-5.32709
1305	4.84214	-4.89731
1310	5.24702	-4.42451
1315	5.61209	-3.91132
1320	5.93452	-3.36073
1325	6.21178	-2.77606
1330	6.44171	-2.16098
1335	6.62249	-1.51948
1340	6.75269	-0.855883
1345	6.83129	-0.174843
1350	6.85765	0.518714
1355	6.83158	1.21959
1360	6.75328	1.92238
1365	6.62336	2.62147
1370	6.44286	3.31114
1375	6.21321	3.98558
1380	5.9362	4.63899
1385	5.61402	5.2656
1390	5.24918	5.85977
1395	4.84452	6.41607
1400	4.40316	6.9293
1405	3.92851	7.39462
1410	3.4242	7.80756
1415	2.89408	8.16414
1420	2.34217	8.46086
1425	1.77265	8.69481
1430	1.18981	8.86366
1435	0.598043	8.96573
1440	0.00178714	9
1445	-0.594482	8.96613
1450	-1.18629	8.86447
1455	-1.76919	8.69601
1460	-2.33881	8.46245
1465	-2.89083	8.1661
1470	-3.4211	7.80987
1475	-3.92558	7.39725
1480	-4.40042	6.93223
1485	-4.84198	6.41927
1490	-5.24688	5.86322
1495	-5.61196	5.26926
1500	-5.93441	4.64283
1505	-6.21169	3.98956
1510	-6.44163	3.31523
1515	-6.62243	2.62563
1520	-6.75265	1.92658
1525	-6.83127	1.2238
1530	-6.85765	0.522894
1535	-6.8316	-0.170722
1540	-6.75332	-0.851853
1545	-6.62342	-1.51556
1550	-6.44294	-2.15721
1555	-6.2133	-2.77247
1560	-5.93632	-3.35733
1565	-5.61415	-3.90813
1570	-5.24933	-4.42155
1575	-4.84468	-4.89461
1580	-4.40333	-5.32465
1585	-3.92869	-5.70934
1590	-3.42439	-6.04668
1595	-2.89428	-6.33495
1600	-2.34238	-6.57273
1605	-1.77286	-6.75887
1610	-1.19003	-6.89251
1615	-0.598266	-6.97301
1620	-0.00201053	-7
1625	0.59426	-6.97337
1630	1.18607	-6.89323
1635	1.76898	-6.75995
1640	2.3386	-6.57416
1645	2.89063	-6.33672
1650	3.4209	-6.04879
1655	3.92539	-5.71177
1660	4.40024	-5.32739
1665	4.84182	-4.89765
1670	5.24673	-4.42488
1675	5.61183	-3.91172
1680	5.93429	-3.36116
1685	6.21159	-2.77651
1690	6.44156	-2.16145
1695	6.62237	-1.51996
1700	6.75261	-0.856387
1705	6.83125	-0.175358
1710	6.85765	0.518192
1715	6.83162	1.21907
1720	6.75336	1.92185
1725	6.62348	2.62095
1730	6.44302	3.31063
1735	6.2134	3.98509
1740	5.93643	4.63851
1745	5.61428	5.26514
1750	5.24947	5.85934
1755	4.84484	6.41567
1760	4.40351	6.92893
1765	3.92888	7.39429
1770	3.42459	7.80728
1775	2.89448	8.1639
1780	2.34259	8.46066
1785	1.77308	8.69466
1790	1.19025	8.86355
1795	0.598488	8.96567
