Cam	Lower_Lever	Push_Rod_Rotate	Rocker_Lever	Rotate_Valve
-30	12		6		24		27
-32	11.84		5.76		23.68		26.62
-34	11.68		5.52		23.36		26.24
-36	11.52		5.28		23.04		25.86
-38	11.36		5.04		22.72		25.48
-40	11.2		4.8		22.4		25.1
-42	11.04		4.56		22.08		24.72
-44	10.88		4.32		21.76		24.34
-46	10.56		3.84		21.12		23.58
-48	10.24		3.36		20.48		22.82
-50	9.92		2.88		19.84		22.06
-52	9.6		2.4		19.2		21.3
-54	9.28		1.92		18.56		20.54
-56	8.96		1.44		17.92		19.78
-58	8.64		0.96		17.28		19.02
-60	8.32		0.48		16.64		18.26
-62	8.16		0.24		16.32		17.88
-64	8		0		16		17.5
-66	7.68		-0.48		15.36		16.74
-68	7.36		-0.96		14.72		15.98
-70	7.2		-1.2		14.4		15.6
-73	6.88		-1.68		13.76		14.84
-75	6.72		-1.92		13.44		14.46
-77	6.56		-2.16		13.12		14.08
-79	6.4		-2.4		12.8		13.7
-80	6.24		-2.64		12.48		13.32
-82	5.92		-3.12		11.84		12.56
-84	5.6		-3.6		11.2		11.8
-87	5.44		-3.84		10.88		11.42
-89	5.28		-4.08		10.56		11.04
-91	5.12		-4.32		10.24		10.66
-93	4.96		-4.56		9.92		10.28
-95	4.8		-4.8		9.6		9.9
-97	4.7		-4.9		9.4		9.7
-99	4.64		-5.04		9.28		9.52
-101	4.58		-5.14		9.10		9.30
-103	4.48		-5.28		8.96		9.14
-105	4.32		-5.52		8.64		8.76
-107	4.24		-5.62		8.45		8.60
-109	4.16		-5.76		8.32		8.38
-111	4.08		-5.88		8.16		8.19
-113	4		-6		8		8
-115	4		-6		8		8
-117	4		-6		8		8
-119	4		-6		8		8
-121	4		-6		8		8
-123	4		-6		8		8
-125	4		-6		8		8
-127	4		-6		8		8
-129	4		-6		8		8
-131	4		-6		8		8
-133	4		-6		8		8
-135	4		-6		8		8
-137	4		-6		8		8
-139	4		-6		8		8
-141	4		-6		8		8
-143	4		-6		8		8
-145	4		-6		8		8
-147	4		-6		8		8
-149	4		-6		8		8
-151	4		-6		8		8
-153	4		-6		8		8
-155	4		-6		8		8
-157	4		-6		8		8
-159	4		-6		8		8
-161	4		-6		8		8
-163	4		-6		8		8
-165	4		-6		8		8
-167	4		-6		8		8
-169	4		-6		8		8
-171	4		-6		8		8
-173	4		-6		8		8
-175	4		-6		8		8
-177	4		-6		8		8
-179	4		-6		8		8
-180	4		-6		8		8
-182	4		-6		8		8
-184	4		-6		8		8
-186	4		-6		8		8
-188	4		-6		8		8
-190	4		-6		8		8
-192	4		-6		8		8
-194	4		-6		8		8
-196	4		-6		8		8
-198	4		-6		8		8
-200	4		-6		8		8
-202	4		-6		8		8
-204	4		-6		8		8
-206	4		-6		8		8
-208	4		-6		8		8
-210	4		-6		8		8
-212	4		-6		8		8
-214	4		-6		8		8
-216	4		-6		8		8
-218	4		-6		8		8
-220	4		-6		8		8
-222	4		-6		8		8
-224	4		-6		8		8
-226	4		-6		8		8
-228	4		-6		8		8
-230	4		-6		8		8
-232	4		-6		8		8
-234	4		-6		8		8
-236	4		-6		8		8
-238	4		-6		8		8
-240	4		-6		8		8
-242	4		-6		8		8
-244	4		-6		8		8
-246	4		-6		8		8
-248	4		-6		8		8
-250	4		-6		8		8
-252	4		-6		8		8
-254	4		-6		8		8
-256	4		-6		8		8
-258	4		-6		8		8
-260	4		-6		8		8
-262	4		-6		8		8
-264	4		-6		8		8
-266	4		-6		8		8
-268	4		-6		8		8
-270	4		-6		8		8
-272	4		-6		8		8
-274	4		-6		8		8
-276	4		-6		8		8
-278	4		-6		8		8
-280	4		-6		8		8
-282	4		-6		8		8
-284	4		-6		8		8
-286	4		-6		8		8
-288	4		-6		8		8
-290	4		-6		8		8
-292	4		-6		8		8
-294	4		-6		8		8
-296	4.16		-5.76		8.32		8.38
-398	4.24		-5.64		8.48		8.47
-300	4.32		-5.52		8.64		8.76
-303	4.38		-5.38		8.75		8.95
-305	4.48		-5.28		8.96		9.14
-307	4.54		-5.16		9.12		9.32
-309	4.64		-5.04		9.28		9.52
-311	4.72		-4.92		9.43		9.72
-314	4.8		-4.8		9.6		9.9
-316	4.88		-4.70		9.78		10.18
-319	4.96		-4.56		9.92		10.28
-321	5.12		-4.32		10.24		10.66
-323	5.28		-4.08		10.56		11.04
-325	5.44		-3.84		10.88		11.42
-327	5.76		-3.36		11.52		12.18
-329	6.08		-2.88		12.16		12.94
-331	6.24		-2.64		12.48		13.32
-333	6.56		-2.16		13.12		14.08
-335	6.72		-1.92		13.44		14.46
-337	7.2		-1.2		14.4		15.6
-339	7.52		-0.72		15.04		16.36
-341	7.84		-0.24		15.68		17.12
-343	8		0		16		17.5
-345	8.32		0.48		16.64		18.26
-347	8.64		0.96		17.28		19.02
-348	8.96		1.44		17.92		19.78
-350	9.28		1.92		18.56		20.54
-352	9.6		2.4		19.2		21.3
-354	9.92		2.88		19.84		22.06
-356	10.4		3.6		20.8		23.2
-357	10.72		4.08		21.44		23.96
-358	11.04		4.56		22.08		24.72
-360	11.2		4.8		22.4		25.1
-362	11.36		5.04		22.72		25.48
-364	11.52		5.28		23.04		25.86
-366	11.68		5.52		23.36		26.24
-368	11.84		5.76		23.68		26.62
-370	11.86		5.78		23.7		26.7
-372	11.86		5.78		23.7		26.7
-374	11.88		5.8		23.75		27.0
-376	11.90		5.84		23.8		27.1
-378	11.90		5.84		23.8		27.1
-380	11.92		5.88		23.85		27.2
-382	11.94		5.92		23.9		27.3
-384	11.96		5.94		23.95		27.4
-386	11.96		5.94		23.95		27.4
-388	11.98		5.98		23.97		27.45
-390	12.0		6.0		24.0		27.5